12.4
-19.3
30
12.8
-20.9
30
13.2
-22.6
35
13.6
-24.3
35
13.9
-26.0
35
14.1
-27.8
35
14.3
-29.7
40
14.5
-31.5
40
14.7
-33.0
40
14.9
-34.5
45
15.1
-36.0
45
15.3
-37.7
45
15.5
-39.4
45
15.7
-41.2
45
15.8
-43.1
45
15.9
-45.0
45
16.0
-47.0
50
16.1
-49.0
60
16.2
-51.0
60
16.3
-53.0
60
16.5
-54.8
65
16.7
-56.5
65
17.0
-58.0
75
17.3
-59.3
85
17.7
-60.6
100
18.1
-61.9
110
18.5
-63.1
120
19.0
-64.2
135
19.6
-65.3
135
20.2
-66.4
135
20.9
-67.5
135
21.6
-68.4
135
22.5
-69.4
125
23.6
-70.5
120
24.7
-71.6
125
25.9
-72.7
135
27.2
-73.5
140
28.6
-74.3
145
30.1
-74.8
135
31.7
-75.1
115
33.0
-74.9
105
34.5
-74.2
100
36.1
-73.4
85
37.6
-72.2
80
39.1
-70.6
70
40.7
-68.4
70
43.0
-65.7
75
45.5
-63.2
75
48.4
-60.2
65
50.6
-57.5
60
52.4
-55.4
50
54.0
-54.1
45
55.7
-53.5
40
0
